(100,0.001,0.001,100,1,20),10,0.711726307406,0.707566798909
(100,0.001,0.001,100,1,20),100,0.725758087178,0.721554719288
(100,0.001,0.001,100,1,20),20,0.7177393011,0.713340881711
(100,0.001,0.001,100,1,20),30,0.720122054839,0.715612046722
(100,0.001,0.001,100,1,20),40,0.722218205421,0.717757885924
(100,0.001,0.001,100,1,20),50,0.723010685573,0.71878194028
(100,0.001,0.001,100,1,20),60,0.723783229446,0.719819396441
(100,0.001,0.001,100,1,20),70,0.724467469701,0.720303105094
(100,0.001,0.001,100,1,20),80,0.725262985343,0.720865005491
(100,0.001,0.001,100,1,20),90,0.725535314869,0.721009665145
(100,0.001,0.01,100,1,20),10,0.710066221379,0.704446559666
(100,0.001,0.01,100,1,20),100,0.71761774232,0.712854447919
(100,0.001,0.01,100,1,20),20,0.713146195838,0.70780277694
(100,0.001,0.01,100,1,20),30,0.714896318478,0.709672474697
(100,0.001,0.01,100,1,20),40,0.715816058439,0.710664320048
(100,0.001,0.01,100,1,20),50,0.716195331634,0.71118568607
(100,0.001,0.01,100,1,20),60,0.716736609531,0.711495661364
(100,0.001,0.01,100,1,20),70,0.717000663846,0.711849740659
(100,0.001,0.01,100,1,20),80,0.717144678733,0.712310181538
(100,0.001,0.01,100,1,20),90,0.717486874779,0.712547462789
(100,0.001,0.1,100,1,20),10,0.698987398339,0.694097372784
(100,0.001,0.1,100,1,20),100,0.702782473634,0.697873877591
(100,0.001,0.1,100,1,20),20,0.701616519107,0.696388909654
(100,0.001,0.1,100,1,20),30,0.702465559441,0.696959522604
(100,0.001,0.1,100,1,20),40,0.702770336026,0.697503088921
(100,0.001,0.1,100,1,20),50,0.703162081545,0.697967316462
(100,0.001,0.1,100,1,20),60,0.702818048386,0.697814390572
(100,0.001,0.1,100,1,20),70,0.702850072602,0.697941454287
(100,0.001,0.1,100,1,20),80,0.70284909473,0.698083457433
(100,0.001,0.1,100,1,20),90,0.702725125027,0.697944686225
(100,0.001,1.0,100,1,20),10,0.685012346113,0.679358638215
(100,0.001,1.0,100,1,20),100,0.686938390382,0.681750226963
(100,0.001,1.0,100,1,20),20,0.686808174212,0.681491987134
(100,0.001,1.0,100,1,20),30,0.685915287037,0.680668605473
(100,0.001,1.0,100,1,20),40,0.687320829387,0.681227499145
(100,0.001,1.0,100,1,20),50,0.686726371455,0.681077555077
(100,0.001,1.0,100,1,20),60,0.686313096328,0.68099121487
(100,0.001,1.0,100,1,20),70,0.686933343437,0.681301728711
(100,0.001,1.0,100,1,20),80,0.686968838228,0.68147402681
(100,0.001,1.0,100,1,20),90,0.686725688636,0.681692967714
(100,0.01,0.001,100,1,20),10,0.720041970085,0.7144195357
(100,0.01,0.001,100,1,20),100,0.741138489491,0.735728639458
(100,0.01,0.001,100,1,20),20,0.725451308829,0.720373125251
(100,0.01,0.001,100,1,20),30,0.72931893242,0.724407436099
(100,0.01,0.001,100,1,20),40,0.732993510749,0.727889378006
(100,0.01,0.001,100,1,20),50,0.734828568895,0.730315849482
(100,0.01,0.001,100,1,20),60,0.736476649004,0.731728359132
(100,0.01,0.001,100,1,20),70,0.737934215267,0.732718635485
(100,0.01,0.001,100,1,20),80,0.739137962069,0.733874857443
(100,0.01,0.001,100,1,20),90,0.740123188942,0.734868583932
(100,0.01,0.01,100,1,20),10,0.710087147181,0.704309853063
(100,0.01,0.01,100,1,20),100,0.719405835014,0.715093347145
(100,0.01,0.01,100,1,20),20,0.712867067419,0.70746877604
(100,0.01,0.01,100,1,20),30,0.716275974366,0.710514180217
(100,0.01,0.01,100,1,20),40,0.717531779639,0.712535739117
(100,0.01,0.01,100,1,20),50,0.717922810475,0.71317800003
(100,0.01,0.01,100,1,20),60,0.718810990133,0.713975429284
(100,0.01,0.01,100,1,20),70,0.719121839583,0.714546069242
(100,0.01,0.01,100,1,20),80,0.719397945525,0.714608325629
(100,0.01,0.01,100,1,20),90,0.719371576762,0.714950524602
(100,0.01,0.1,100,1,20),10,0.690002098497,0.683237570191
(100,0.01,0.1,100,1,20),100,0.696706694578,0.691169892988
(100,0.01,0.1,100,1,20),20,0.692995380702,0.68621260129
(100,0.01,0.1,100,1,20),30,0.694676123416,0.688090517141
(100,0.01,0.1,100,1,20),40,0.695892793877,0.689811741792
(100,0.01,0.1,100,1,20),50,0.69560937603,0.689959753335
(100,0.01,0.1,100,1,20),60,0.695766562373,0.690409355275
(100,0.01,0.1,100,1,20),70,0.696162147444,0.690618684847
(100,0.01,0.1,100,1,20),80,0.696237783762,0.69105691567
(100,0.01,0.1,100,1,20),90,0.69635904146,0.691158324838
(100,0.01,1.0,100,1,20),10,0.67781641509,0.671931485412
(100,0.01,1.0,100,1,20),100,0.685109374055,0.680362866141
(100,0.01,1.0,100,1,20),20,0.680793330501,0.675068052208
(100,0.01,1.0,100,1,20),30,0.681570946147,0.676500508889
(100,0.01,1.0,100,1,20),40,0.682444918574,0.677772761034
(100,0.01,1.0,100,1,20),50,0.683511583772,0.678388976784
(100,0.01,1.0,100,1,20),60,0.683962848816,0.678932531383
(100,0.01,1.0,100,1,20),70,0.684091947328,0.679273392472
(100,0.01,1.0,100,1,20),80,0.684529003011,0.679617132874
(100,0.01,1.0,100,1,20),90,0.684469964095,0.680011024951
(100,0.1,0.001,100,1,20),10,0.743587833327,0.737474768359
(100,0.1,0.001,100,1,20),100,0.757128751623,0.751408298951
(100,0.1,0.001,100,1,20),20,0.750165618965,0.744431134749
(100,0.1,0.001,100,1,20),30,0.752941516522,0.747456943738
(100,0.1,0.001,100,1,20),40,0.754495375534,0.749214163956
(100,0.1,0.001,100,1,20),50,0.754863917395,0.749883452766
(100,0.1,0.001,100,1,20),60,0.755743552499,0.749881593368
(100,0.1,0.001,100,1,20),70,0.756099455226,0.750441085036
(100,0.1,0.001,100,1,20),80,0.75657533282,0.750995241714
(100,0.1,0.001,100,1,20),90,0.756715637002,0.751094072322
(100,0.1,0.01,100,1,20),10,0.710639836326,0.705392066301
(100,0.1,0.01,100,1,20),100,0.718538084843,0.714478457806
(100,0.1,0.01,100,1,20),20,0.713833774277,0.709510213936
(100,0.1,0.01,100,1,20),30,0.715436400493,0.710529131955
(100,0.1,0.01,100,1,20),40,0.716631087124,0.71198197403
(100,0.1,0.01,100,1,20),50,0.71696354868,0.712732439015
(100,0.1,0.01,100,1,20),60,0.717023909517,0.713139243011
(100,0.1,0.01,100,1,20),70,0.717570864677,0.71351277605
(100,0.1,0.01,100,1,20),80,0.71820404454,0.714179547082
(100,0.1,0.01,100,1,20),90,0.718118944789,0.714530237296
(100,0.1,0.1,100,1,20),10,0.686869030156,0.681307837462
(100,0.1,0.1,100,1,20),100,0.695028664342,0.690183987898
(100,0.1,0.1,100,1,20),20,0.690985841411,0.685094433847
(100,0.1,0.1,100,1,20),30,0.692195942418,0.686694966172
(100,0.1,0.1,100,1,20),40,0.692601835855,0.687825155284
(100,0.1,0.1,100,1,20),50,0.693531852357,0.688662684093
(100,0.1,0.1,100,1,20),60,0.693826211278,0.688793117238
(100,0.1,0.1,100,1,20),70,0.694237903667,0.689351433892
(100,0.1,0.1,100,1,20),80,0.694543187566,0.689710303193
(100,0.1,0.1,100,1,20),90,0.694509281187,0.690030173797
(100,0.1,1.0,100,1,20),10,0.67462559622,0.66957586458
(100,0.1,1.0,100,1,20),100,0.684220830726,0.679883769122
(100,0.1,1.0,100,1,20),20,0.67911602823,0.67410137218
(100,0.1,1.0,100,1,20),30,0.681170626842,0.675918005607
(100,0.1,1.0,100,1,20),40,0.682326155241,0.677081814765
(100,0.1,1.0,100,1,20),50,0.682897481264,0.677844064476
(100,0.1,1.0,100,1,20),60,0.683420939633,0.678440065263
(100,0.1,1.0,100,1,20),70,0.683889419266,0.678946036949
(100,0.1,1.0,100,1,20),80,0.683995961692,0.679389488364
(100,0.1,1.0,100,1,20),90,0.68403842973,0.67949773161
(100,1.0,0.001,100,1,20),10,0.748956052809,0.741505033792
(100,1.0,0.001,100,1,20),100,0.757534794364,0.751487095006
(100,1.0,0.001,100,1,20),20,0.752673369241,0.746473747365
(100,1.0,0.001,100,1,20),30,0.75339269203,0.747540782561
(100,1.0,0.001,100,1,20),40,0.755037842895,0.749004912424
(100,1.0,0.001,100,1,20),50,0.756407212103,0.749677315159
(100,1.0,0.001,100,1,20),60,0.756970947038,0.750170114981
(100,1.0,0.001,100,1,20),70,0.756598478642,0.750076837299
(100,1.0,0.001,100,1,20),80,0.757051566872,0.750668995807
(100,1.0,0.001,100,1,20),90,0.75762836963,0.751438049519
(100,1.0,0.01,100,1,20),10,0.709377432129,0.704801348552
(100,1.0,0.01,100,1,20),100,0.717136792313,0.713701575646
(100,1.0,0.01,100,1,20),20,0.713668931274,0.708631450161
(100,1.0,0.01,100,1,20),30,0.71464236576,0.710705601445
(100,1.0,0.01,100,1,20),40,0.715145494374,0.711054486329
(100,1.0,0.01,100,1,20),50,0.715978786101,0.711758931049
(100,1.0,0.01,100,1,20),60,0.716291698831,0.712619965894
(100,1.0,0.01,100,1,20),70,0.716627310921,0.713030311214
(100,1.0,0.01,100,1,20),80,0.7168194086,0.713054052936
(100,1.0,0.01,100,1,20),90,0.716934686813,0.713709489986
(100,1.0,0.1,100,1,20),10,0.685574950809,0.680023056382
(100,1.0,0.1,100,1,20),100,0.694093989101,0.689823302206
(100,1.0,0.1,100,1,20),20,0.689713158763,0.683974453204
(100,1.0,0.1,100,1,20),30,0.690770741952,0.685939787648
(100,1.0,0.1,100,1,20),40,0.69186874411,0.687232444059
(100,1.0,0.1,100,1,20),50,0.692593986296,0.687833405092
(100,1.0,0.1,100,1,20),60,0.693217252271,0.688468860881
(100,1.0,0.1,100,1,20),70,0.693289718425,0.688948076879
(100,1.0,0.1,100,1,20),80,0.69362913116,0.68933905329
(100,1.0,0.1,100,1,20),90,0.69404567002,0.68967933423
(100,1.0,1.0,100,1,20),10,0.675444524209,0.670263278861
(100,1.0,1.0,100,1,20),100,0.68486734109,0.679581134186
(100,1.0,1.0,100,1,20),20,0.679209558234,0.674013929342
(100,1.0,1.0,100,1,20),30,0.681016815803,0.675392405476
(100,1.0,1.0,100,1,20),40,0.68272459369,0.677023948488
(100,1.0,1.0,100,1,20),50,0.683169927454,0.677668363121
(100,1.0,1.0,100,1,20),60,0.683899398236,0.678417105186
(100,1.0,1.0,100,1,20),70,0.684002910317,0.679068066755
(100,1.0,1.0,100,1,20),80,0.684388606713,0.679469986043
(100,1.0,1.0,100,1,20),90,0.684719526452,0.679435878086
